[ 8148.063725] [Project1] 3080 1588254793.538294725 1588254794.466654056
[ 8150.085940] [Project1] 3081 1588254795.500675974 1588254796.488898472
[ 8152.086619] [Project1] 3082 1588254797.519376340 1588254798.489607480
[ 8153.947415] [Project1] 3083 1588254799.444732809 1588254800.350429543
[ 8155.916167] [Project1] 3084 1588254801.363758085 1588254802.319210756
[ 8157.850814] [Project1] 3085 1588254803.286738689 1588254804.253887745
[ 8159.780672] [Project1] 3086 1588254805.223705263 1588254806.183773769
[ 8161.717430] [Project1] 3087 1588254807.159962949 1588254808.120561199
[ 8163.667625] [Project1] 3088 1588254809.103687634 1588254810.070777273
[ 8165.602145] [Project1] 3089 1588254811.041909806 1588254812.005333197
